0-0
0-1
1.0
1.0
Accuracy score (soft) ; 0.9272142857142858
Accuracy score (hard) ; 0.9272142857142858
0-2
[[1.        0.9634931]
 [0.9634931 1.       ]]
[[1.         0.96486351]
 [0.96486351 1.        ]]
Accuracy score (soft) ; 0.9402380952380952
Accuracy score (hard) ; 0.9484761904761905
0-3
[[1.         0.9634931  0.96500627]
 [0.9634931  1.         0.96208456]
 [0.96500627 0.96208456 1.        ]]
[[1.         0.96486351 0.96552086]
 [0.96486351 1.         0.96513171]
 [0.96552086 0.96513171 1.        ]]
Accuracy score (soft) ; 0.9516428571428571
Accuracy score (hard) ; 0.9485714285714286
0-4
[[1.         0.9634931  0.96500627 0.95655396]
 [0.9634931  1.         0.96208456 0.9607336 ]
 [0.96500627 0.96208456 1.         0.95871105]
 [0.95655396 0.9607336  0.95871105 1.        ]]
[[1.         0.96486351 0.96552086 0.95790924]
 [0.96486351 1.         0.96513171 0.96298059]
 [0.96552086 0.96513171 1.         0.96037125]
 [0.95790924 0.96298059 0.96037125 1.        ]]
Accuracy score (soft) ; 0.9557857142857142
Accuracy score (hard) ; 0.9594285714285714
0-5
[[1.         0.9634931  0.96500627 0.95655396 0.96476328]
 [0.9634931  1.         0.96208456 0.9607336  0.96112946]
 [0.96500627 0.96208456 1.         0.95871105 0.96406923]
 [0.95655396 0.9607336  0.95871105 1.         0.95687367]
 [0.96476328 0.96112946 0.96406923 0.95687367 1.        ]]
[[1.         0.96486351 0.96552086 0.95790924 0.96330064]
 [0.96486351 1.         0.96513171 0.96298059 0.96249375]
 [0.96552086 0.96513171 1.         0.96037125 0.96411195]
 [0.95790924 0.96298059 0.96037125 1.         0.95638185]
 [0.96330064 0.96249375 0.96411195 0.95638185 1.        ]]
Accuracy score (soft) ; 0.9548333333333333
Accuracy score (hard) ; 0.9541190476190476
1-0
1.0
1.0
Accuracy score (soft) ; 0.9968571428571429
Accuracy score (hard) ; 0.9968571428571429
1-1
[[1.         0.95392299]
 [0.95392299 1.        ]]
[[1.         0.95580648]
 [0.95580648 1.        ]]
Accuracy score (soft) ; 0.9971666666666666
Accuracy score (hard) ; 0.984452380952381
1-2
[[1.         0.95392299 0.9526449 ]
 [0.95392299 1.         0.9634931 ]
 [0.9526449  0.9634931  1.        ]]
[[1.         0.95580648 0.95603897]
 [0.95580648 1.         0.96486351]
 [0.95603897 0.96486351 1.        ]]
Accuracy score (soft) ; 0.9946190476190476
Accuracy score (hard) ; 0.9586666666666667
1-3
[[1.         0.95392299 0.9526449  0.96099322]
 [0.95392299 1.         0.9634931  0.96500627]
 [0.9526449  0.9634931  1.         0.96208456]
 [0.96099322 0.96500627 0.96208456 1.        ]]
[[1.         0.95580648 0.95603897 0.96575956]
 [0.95580648 1.         0.96486351 0.96552086]
 [0.95603897 0.96486351 1.         0.96513171]
 [0.96575956 0.96552086 0.96513171 1.        ]]
Accuracy score (soft) ; 0.9911904761904762
Accuracy score (hard) ; 0.9703333333333334
1-4
[[1.         0.95392299 0.9526449  0.96099322 0.94406713]
 [0.95392299 1.         0.9634931  0.96500627 0.95655396]
 [0.9526449  0.9634931  1.         0.96208456 0.9607336 ]
 [0.96099322 0.96500627 0.96208456 1.         0.95871105]
 [0.94406713 0.95655396 0.9607336  0.95871105 1.        ]]
[[1.         0.95580648 0.95603897 0.96575956 0.94832808]
 [0.95580648 1.         0.96486351 0.96552086 0.95790924]
 [0.95603897 0.96486351 1.         0.96513171 0.96298059]
 [0.96575956 0.96552086 0.96513171 1.         0.96037125]
 [0.94832808 0.95790924 0.96298059 0.96037125 1.        ]]
Accuracy score (soft) ; 0.9873333333333333
Accuracy score (hard) ; 0.9651666666666666
1-5
[[1.         0.95392299 0.9526449  0.96099322 0.94406713 0.95079464]
 [0.95392299 1.         0.9634931  0.96500627 0.95655396 0.96476328]
 [0.9526449  0.9634931  1.         0.96208456 0.9607336  0.96112946]
 [0.96099322 0.96500627 0.96208456 1.         0.95871105 0.96406923]
 [0.94406713 0.95655396 0.9607336  0.95871105 1.         0.95687367]
 [0.95079464 0.96476328 0.96112946 0.96406923 0.95687367 1.        ]]
[[1.         0.95580648 0.95603897 0.96575956 0.94832808 0.95355445]
 [0.95580648 1.         0.96486351 0.96552086 0.95790924 0.96330064]
 [0.95603897 0.96486351 1.         0.96513171 0.96298059 0.96249375]
 [0.96575956 0.96552086 0.96513171 1.         0.96037125 0.96411195]
 [0.94832808 0.95790924 0.96298059 0.96037125 1.         0.95638185]
 [0.95355445 0.96330064 0.96249375 0.96411195 0.95638185 1.        ]]
Accuracy score (soft) ; 0.9835238095238096
Accuracy score (hard) ; 0.9670714285714286
2-0
[[1.         0.99511309]
 [0.99511309 1.        ]]
[[1.         0.99622516]
 [0.99622516 1.        ]]
Accuracy score (soft) ; 0.9972857142857143
Accuracy score (hard) ; 0.9971428571428571
2-1
[[1.         0.99511309 0.95392299]
 [0.99511309 1.         0.95462115]
 [0.95392299 0.95462115 1.        ]]
[[1.         0.99622516 0.95580648]
 [0.99622516 1.         0.95565374]
 [0.95580648 0.95565374 1.        ]]
Accuracy score (soft) ; 0.9976190476190476
Accuracy score (hard) ; 0.9974047619047619
2-2
[[1.         0.99511309 0.95392299 0.9526449 ]
 [0.99511309 1.         0.95462115 0.95334551]
 [0.95392299 0.95462115 1.         0.9634931 ]
 [0.9526449  0.95334551 0.9634931  1.        ]]
[[1.         0.99622516 0.95580648 0.95603897]
 [0.99622516 1.         0.95565374 0.95676604]
 [0.95580648 0.95565374 1.         0.96486351]
 [0.95603897 0.95676604 0.96486351 1.        ]]
Accuracy score (soft) ; 0.9974761904761905
Accuracy score (hard) ; 0.9918095238095238
2-3
[[1.         0.99511309 0.95392299 0.9526449  0.96099322]
 [0.99511309 1.         0.95462115 0.95334551 0.96144849]
 [0.95392299 0.95462115 1.         0.9634931  0.96500627]
 [0.9526449  0.95334551 0.9634931  1.         0.96208456]
 [0.96099322 0.96144849 0.96500627 0.96208456 1.        ]]
[[1.         0.99622516 0.95580648 0.95603897 0.96575956]
 [0.99622516 1.         0.95565374 0.95676604 0.96592496]
 [0.95580648 0.95565374 1.         0.96486351 0.96552086]
 [0.95603897 0.95676604 0.96486351 1.         0.96513171]
 [0.96575956 0.96592496 0.96552086 0.96513171 1.        ]]
Accuracy score (soft) ; 0.9974047619047619
Accuracy score (hard) ; 0.9776190476190476
2-4
[[1.         0.99511309 0.95392299 0.9526449  0.96099322 0.94406713]
 [0.99511309 1.         0.95462115 0.95334551 0.96144849 0.94413221]
 [0.95392299 0.95462115 1.         0.9634931  0.96500627 0.95655396]
 [0.9526449  0.95334551 0.9634931  1.         0.96208456 0.9607336 ]
 [0.96099322 0.96144849 0.96500627 0.96208456 1.         0.95871105]
 [0.94406713 0.94413221 0.95655396 0.9607336  0.95871105 1.        ]]
[[1.         0.99622516 0.95580648 0.95603897 0.96575956 0.94832808]
 [0.99622516 1.         0.95565374 0.95676604 0.96592496 0.94868635]
 [0.95580648 0.95565374 1.         0.96486351 0.96552086 0.95790924]
 [0.95603897 0.95676604 0.96486351 1.         0.96513171 0.96298059]
 [0.96575956 0.96592496 0.96552086 0.96513171 1.         0.96037125]
 [0.94832808 0.94868635 0.95790924 0.96298059 0.96037125 1.        ]]
Accuracy score (soft) ; 0.9958571428571429
Accuracy score (hard) ; 0.9790238095238095
2-5
[[1.         0.99511309 0.95392299 0.9526449  0.96099322 0.94406713
  0.95079464]
 [0.99511309 1.         0.95462115 0.95334551 0.96144849 0.94413221
  0.9516891 ]
 [0.95392299 0.95462115 1.         0.9634931  0.96500627 0.95655396
  0.96476328]
 [0.9526449  0.95334551 0.9634931  1.         0.96208456 0.9607336
  0.96112946]
 [0.96099322 0.96144849 0.96500627 0.96208456 1.         0.95871105
  0.96406923]
 [0.94406713 0.94413221 0.95655396 0.9607336  0.95871105 1.
  0.95687367]
 [0.95079464 0.9516891  0.96476328 0.96112946 0.96406923 0.95687367
  1.        ]]
[[1.         0.99622516 0.95580648 0.95603897 0.96575956 0.94832808
  0.95355445]
 [0.99622516 1.         0.95565374 0.95676604 0.96592496 0.94868635
  0.95373823]
 [0.95580648 0.95565374 1.         0.96486351 0.96552086 0.95790924
  0.96330064]
 [0.95603897 0.95676604 0.96486351 1.         0.96513171 0.96298059
  0.96249375]
 [0.96575956 0.96592496 0.96552086 0.96513171 1.         0.96037125
  0.96411195]
 [0.94832808 0.94868635 0.95790924 0.96298059 0.96037125 1.
  0.95638185]
 [0.95355445 0.95373823 0.96330064 0.96249375 0.96411195 0.95638185
  1.        ]]
Accuracy score (soft) ; 0.9940238095238095
Accuracy score (hard) ; 0.9713571428571428
3-0
[[1.         0.99511309 0.9945586 ]
 [0.99511309 1.         0.99518185]
 [0.9945586  0.99518185 1.        ]]
[[1.         0.99622516 0.99626658]
 [0.99622516 1.         0.99580516]
 [0.99626658 0.99580516 1.        ]]
Accuracy score (soft) ; 0.9974285714285714
Accuracy score (hard) ; 0.9973571428571428
3-1
[[1.         0.99511309 0.9945586  0.95392299]
 [0.99511309 1.         0.99518185 0.95462115]
 [0.9945586  0.99518185 1.         0.95508154]
 [0.95392299 0.95462115 0.95508154 1.        ]]
[[1.         0.99622516 0.99626658 0.95580648]
 [0.99622516 1.         0.99580516 0.95565374]
 [0.99626658 0.99580516 1.         0.95514853]
 [0.95580648 0.95565374 0.95514853 1.        ]]
Accuracy score (soft) ; 0.9975
Accuracy score (hard) ; 0.9975238095238095
3-2
[[1.         0.99511309 0.9945586  0.95392299 0.9526449 ]
 [0.99511309 1.         0.99518185 0.95462115 0.95334551]
 [0.9945586  0.99518185 1.         0.95508154 0.95259153]
 [0.95392299 0.95462115 0.95508154 1.         0.9634931 ]
 [0.9526449  0.95334551 0.95259153 0.9634931  1.        ]]
[[1.         0.99622516 0.99626658 0.95580648 0.95603897]
 [0.99622516 1.         0.99580516 0.95565374 0.95676604]
 [0.99626658 0.99580516 1.         0.95514853 0.95548035]
 [0.95580648 0.95565374 0.95514853 1.         0.96486351]
 [0.95603897 0.95676604 0.95548035 0.96486351 1.        ]]
Accuracy score (soft) ; 0.9975952380952381
Accuracy score (hard) ; 0.997547619047619
3-3
[[1.         0.99511309 0.9945586  0.95392299 0.9526449  0.96099322]
 [0.99511309 1.         0.99518185 0.95462115 0.95334551 0.96144849]
 [0.9945586  0.99518185 1.         0.95508154 0.95259153 0.96176053]
 [0.95392299 0.95462115 0.95508154 1.         0.9634931  0.96500627]
 [0.9526449  0.95334551 0.95259153 0.9634931  1.         0.96208456]
 [0.96099322 0.96144849 0.96176053 0.96500627 0.96208456 1.        ]]
[[1.         0.99622516 0.99626658 0.95580648 0.95603897 0.96575956]
 [0.99622516 1.         0.99580516 0.95565374 0.95676604 0.96592496]
 [0.99626658 0.99580516 1.         0.95514853 0.95548035 0.96523399]
 [0.95580648 0.95565374 0.95514853 1.         0.96486351 0.96552086]
 [0.95603897 0.95676604 0.95548035 0.96486351 1.         0.96513171]
 [0.96575956 0.96592496 0.96523399 0.96552086 0.96513171 1.        ]]
Accuracy score (soft) ; 0.9977857142857143
Accuracy score (hard) ; 0.9944047619047619
3-4
[[1.         0.99511309 0.9945586  0.95392299 0.9526449  0.96099322
  0.94406713]
 [0.99511309 1.         0.99518185 0.95462115 0.95334551 0.96144849
  0.94413221]
 [0.9945586  0.99518185 1.         0.95508154 0.95259153 0.96176053
  0.94469851]
 [0.95392299 0.95462115 0.95508154 1.         0.9634931  0.96500627
  0.95655396]
 [0.9526449  0.95334551 0.95259153 0.9634931  1.         0.96208456
  0.9607336 ]
 [0.96099322 0.96144849 0.96176053 0.96500627 0.96208456 1.
  0.95871105]
 [0.94406713 0.94413221 0.94469851 0.95655396 0.9607336  0.95871105
  1.        ]]
[[1.         0.99622516 0.99626658 0.95580648 0.95603897 0.96575956
  0.94832808]
 [0.99622516 1.         0.99580516 0.95565374 0.95676604 0.96592496
  0.94868635]
 [0.99626658 0.99580516 1.         0.95514853 0.95548035 0.96523399
  0.94746923]
 [0.95580648 0.95565374 0.95514853 1.         0.96486351 0.96552086
  0.95790924]
 [0.95603897 0.95676604 0.95548035 0.96486351 1.         0.96513171
  0.96298059]
 [0.96575956 0.96592496 0.96523399 0.96552086 0.96513171 1.
  0.96037125]
 [0.94832808 0.94868635 0.94746923 0.95790924 0.96298059 0.96037125
  1.        ]]
Accuracy score (soft) ; 0.9975952380952381
Accuracy score (hard) ; 0.9845
3-5
[[1.         0.99511309 0.9945586  0.95392299 0.9526449  0.96099322
  0.94406713 0.95079464]
 [0.99511309 1.         0.99518185 0.95462115 0.95334551 0.96144849
  0.94413221 0.9516891 ]
 [0.9945586  0.99518185 1.         0.95508154 0.95259153 0.96176053
  0.94469851 0.95210073]
 [0.95392299 0.95462115 0.95508154 1.         0.9634931  0.96500627
  0.95655396 0.96476328]
 [0.9526449  0.95334551 0.95259153 0.9634931  1.         0.96208456
  0.9607336  0.96112946]
 [0.96099322 0.96144849 0.96176053 0.96500627 0.96208456 1.
  0.95871105 0.96406923]
 [0.94406713 0.94413221 0.94469851 0.95655396 0.9607336  0.95871105
  1.         0.95687367]
 [0.95079464 0.9516891  0.95210073 0.96476328 0.96112946 0.96406923
  0.95687367 1.        ]]
[[1.         0.99622516 0.99626658 0.95580648 0.95603897 0.96575956
  0.94832808 0.95355445]
 [0.99622516 1.         0.99580516 0.95565374 0.95676604 0.96592496
  0.94868635 0.95373823]
 [0.99626658 0.99580516 1.         0.95514853 0.95548035 0.96523399
  0.94746923 0.95326397]
 [0.95580648 0.95565374 0.95514853 1.         0.96486351 0.96552086
  0.95790924 0.96330064]
 [0.95603897 0.95676604 0.95548035 0.96486351 1.         0.96513171
  0.96298059 0.96249375]
 [0.96575956 0.96592496 0.96523399 0.96552086 0.96513171 1.
  0.96037125 0.96411195]
 [0.94832808 0.94868635 0.94746923 0.95790924 0.96298059 0.96037125
  1.         0.95638185]
 [0.95355445 0.95373823 0.95326397 0.96330064 0.96249375 0.96411195
  0.95638185 1.        ]]
Accuracy score (soft) ; 0.9967857142857143
Accuracy score (hard) ; 0.9811904761904762
4-0
[[1.         0.99511309 0.9945586  0.99540225]
 [0.99511309 1.         0.99518185 0.99484475]
 [0.9945586  0.99518185 1.         0.99513058]
 [0.99540225 0.99484475 0.99513058 1.        ]]
[[1.         0.99622516 0.99626658 0.99597699]
 [0.99622516 1.         0.99580516 0.99549853]
 [0.99626658 0.99580516 1.         0.99555999]
 [0.99597699 0.99549853 0.99555999 1.        ]]
Accuracy score (soft) ; 0.997547619047619
Accuracy score (hard) ; 0.9975238095238095
4-1
[[1.         0.99511309 0.9945586  0.99540225 0.95392299]
 [0.99511309 1.         0.99518185 0.99484475 0.95462115]
 [0.9945586  0.99518185 1.         0.99513058 0.95508154]
 [0.99540225 0.99484475 0.99513058 1.         0.95427125]
 [0.95392299 0.95462115 0.95508154 0.95427125 1.        ]]
[[1.         0.99622516 0.99626658 0.99597699 0.95580648]
 [0.99622516 1.         0.99580516 0.99549853 0.95565374]
 [0.99626658 0.99580516 1.         0.99555999 0.95514853]
 [0.99597699 0.99549853 0.99555999 1.         0.95575726]
 [0.95580648 0.95565374 0.95514853 0.95575726 1.        ]]
Accuracy score (soft) ; 0.9976904761904762
Accuracy score (hard) ; 0.9976904761904762
4-2
[[1.         0.99511309 0.9945586  0.99540225 0.95392299 0.9526449 ]
 [0.99511309 1.         0.99518185 0.99484475 0.95462115 0.95334551]
 [0.9945586  0.99518185 1.         0.99513058 0.95508154 0.95259153]
 [0.99540225 0.99484475 0.99513058 1.         0.95427125 0.95251388]
 [0.95392299 0.95462115 0.95508154 0.95427125 1.         0.9634931 ]
 [0.9526449  0.95334551 0.95259153 0.95251388 0.9634931  1.        ]]
[[1.         0.99622516 0.99626658 0.99597699 0.95580648 0.95603897]
 [0.99622516 1.         0.99580516 0.99549853 0.95565374 0.95676604]
 [0.99626658 0.99580516 1.         0.99555999 0.95514853 0.95548035]
 [0.99597699 0.99549853 0.99555999 1.         0.95575726 0.95604482]
 [0.95580648 0.95565374 0.95514853 0.95575726 1.         0.96486351]
 [0.95603897 0.95676604 0.95548035 0.95604482 0.96486351 1.        ]]
Accuracy score (soft) ; 0.9978095238095238
Accuracy score (hard) ; 0.9976666666666667
4-3
[[1.         0.99511309 0.9945586  0.99540225 0.95392299 0.9526449
  0.96099322]
 [0.99511309 1.         0.99518185 0.99484475 0.95462115 0.95334551
  0.96144849]
 [0.9945586  0.99518185 1.         0.99513058 0.95508154 0.95259153
  0.96176053]
 [0.99540225 0.99484475 0.99513058 1.         0.95427125 0.95251388
  0.96128564]
 [0.95392299 0.95462115 0.95508154 0.95427125 1.         0.9634931
  0.96500627]
 [0.9526449  0.95334551 0.95259153 0.95251388 0.9634931  1.
  0.96208456]
 [0.96099322 0.96144849 0.96176053 0.96128564 0.96500627 0.96208456
  1.        ]]
[[1.         0.99622516 0.99626658 0.99597699 0.95580648 0.95603897
  0.96575956]
 [0.99622516 1.         0.99580516 0.99549853 0.95565374 0.95676604
  0.96592496]
 [0.99626658 0.99580516 1.         0.99555999 0.95514853 0.95548035
  0.96523399]
 [0.99597699 0.99549853 0.99555999 1.         0.95575726 0.95604482
  0.96584803]
 [0.95580648 0.95565374 0.95514853 0.95575726 1.         0.96486351
  0.96552086]
 [0.95603897 0.95676604 0.95548035 0.95604482 0.96486351 1.
  0.96513171]
 [0.96575956 0.96592496 0.96523399 0.96584803 0.96552086 0.96513171
  1.        ]]
Accuracy score (soft) ; 0.9979047619047619
Accuracy score (hard) ; 0.9975
4-4
[[1.         0.99511309 0.9945586  0.99540225 0.95392299 0.9526449
  0.96099322 0.94406713]
 [0.99511309 1.         0.99518185 0.99484475 0.95462115 0.95334551
  0.96144849 0.94413221]
 [0.9945586  0.99518185 1.         0.99513058 0.95508154 0.95259153
  0.96176053 0.94469851]
 [0.99540225 0.99484475 0.99513058 1.         0.95427125 0.95251388
  0.96128564 0.94409569]
 [0.95392299 0.95462115 0.95508154 0.95427125 1.         0.9634931
  0.96500627 0.95655396]
 [0.9526449  0.95334551 0.95259153 0.95251388 0.9634931  1.
  0.96208456 0.9607336 ]
 [0.96099322 0.96144849 0.96176053 0.96128564 0.96500627 0.96208456
  1.         0.95871105]
 [0.94406713 0.94413221 0.94469851 0.94409569 0.95655396 0.9607336
  0.95871105 1.        ]]
[[1.         0.99622516 0.99626658 0.99597699 0.95580648 0.95603897
  0.96575956 0.94832808]
 [0.99622516 1.         0.99580516 0.99549853 0.95565374 0.95676604
  0.96592496 0.94868635]
 [0.99626658 0.99580516 1.         0.99555999 0.95514853 0.95548035
  0.96523399 0.94746923]
 [0.99597699 0.99549853 0.99555999 1.         0.95575726 0.95604482
  0.96584803 0.9481344 ]
 [0.95580648 0.95565374 0.95514853 0.95575726 1.         0.96486351
  0.96552086 0.95790924]
 [0.95603897 0.95676604 0.95548035 0.95604482 0.96486351 1.
  0.96513171 0.96298059]
 [0.96575956 0.96592496 0.96523399 0.96584803 0.96552086 0.96513171
  1.         0.96037125]
 [0.94832808 0.94868635 0.94746923 0.9481344  0.95790924 0.96298059
  0.96037125 1.        ]]
Accuracy score (soft) ; 0.9979047619047619
Accuracy score (hard) ; 0.9949285714285714
4-5
[[1.         0.99511309 0.9945586  0.99540225 0.95392299 0.9526449
  0.96099322 0.94406713 0.95079464]
 [0.99511309 1.         0.99518185 0.99484475 0.95462115 0.95334551
  0.96144849 0.94413221 0.9516891 ]
 [0.9945586  0.99518185 1.         0.99513058 0.95508154 0.95259153
  0.96176053 0.94469851 0.95210073]
 [0.99540225 0.99484475 0.99513058 1.         0.95427125 0.95251388
  0.96128564 0.94409569 0.95113105]
 [0.95392299 0.95462115 0.95508154 0.95427125 1.         0.9634931
  0.96500627 0.95655396 0.96476328]
 [0.9526449  0.95334551 0.95259153 0.95251388 0.9634931  1.
  0.96208456 0.9607336  0.96112946]
 [0.96099322 0.96144849 0.96176053 0.96128564 0.96500627 0.96208456
  1.         0.95871105 0.96406923]
 [0.94406713 0.94413221 0.94469851 0.94409569 0.95655396 0.9607336
  0.95871105 1.         0.95687367]
 [0.95079464 0.9516891  0.95210073 0.95113105 0.96476328 0.96112946
  0.96406923 0.95687367 1.        ]]
[[1.         0.99622516 0.99626658 0.99597699 0.95580648 0.95603897
  0.96575956 0.94832808 0.95355445]
 [0.99622516 1.         0.99580516 0.99549853 0.95565374 0.95676604
  0.96592496 0.94868635 0.95373823]
 [0.99626658 0.99580516 1.         0.99555999 0.95514853 0.95548035
  0.96523399 0.94746923 0.95326397]
 [0.99597699 0.99549853 0.99555999 1.         0.95575726 0.95604482
  0.96584803 0.9481344  0.95364723]
 [0.95580648 0.95565374 0.95514853 0.95575726 1.         0.96486351
  0.96552086 0.95790924 0.96330064]
 [0.95603897 0.95676604 0.95548035 0.95604482 0.96486351 1.
  0.96513171 0.96298059 0.96249375]
 [0.96575956 0.96592496 0.96523399 0.96584803 0.96552086 0.96513171
  1.         0.96037125 0.96411195]
 [0.94832808 0.94868635 0.94746923 0.9481344  0.95790924 0.96298059
  0.96037125 1.         0.95638185]
 [0.95355445 0.95373823 0.95326397 0.95364723 0.96330064 0.96249375
  0.96411195 0.95638185 1.        ]]
Accuracy score (soft) ; 0.9977380952380952
Accuracy score (hard) ; 0.9857857142857143
5-0
[[1.         0.99511309 0.9945586  0.99540225 0.99538242]
 [0.99511309 1.         0.99518185 0.99484475 0.99467612]
 [0.9945586  0.99518185 1.         0.99513058 0.99418213]
 [0.99540225 0.99484475 0.99513058 1.         0.99517363]
 [0.99538242 0.99467612 0.99418213 0.99517363 1.        ]]
[[1.         0.99622516 0.99626658 0.99597699 0.99643217]
 [0.99622516 1.         0.99580516 0.99549853 0.99626775]
 [0.99626658 0.99580516 1.         0.99555999 0.99547278]
 [0.99597699 0.99549853 0.99555999 1.         0.99587409]
 [0.99643217 0.99626775 0.99547278 0.99587409 1.        ]]
Accuracy score (soft) ; 0.9977142857142857
Accuracy score (hard) ; 0.9976428571428572
5-1
[[1.         0.99511309 0.9945586  0.99540225 0.99538242 0.95392299]
 [0.99511309 1.         0.99518185 0.99484475 0.99467612 0.95462115]
 [0.9945586  0.99518185 1.         0.99513058 0.99418213 0.95508154]
 [0.99540225 0.99484475 0.99513058 1.         0.99517363 0.95427125]
 [0.99538242 0.99467612 0.99418213 0.99517363 1.         0.95446136]
 [0.95392299 0.95462115 0.95508154 0.95427125 0.95446136 1.        ]]
[[1.         0.99622516 0.99626658 0.99597699 0.99643217 0.95580648]
 [0.99622516 1.         0.99580516 0.99549853 0.99626775 0.95565374]
 [0.99626658 0.99580516 1.         0.99555999 0.99547278 0.95514853]
 [0.99597699 0.99549853 0.99555999 1.         0.99587409 0.95575726]
 [0.99643217 0.99626775 0.99547278 0.99587409 1.         0.9556703 ]
 [0.95580648 0.95565374 0.95514853 0.95575726 0.9556703  1.        ]]
Accuracy score (soft) ; 0.9977619047619047
Accuracy score (hard) ; 0.9977142857142857
5-2
[[1.         0.99511309 0.9945586  0.99540225 0.99538242 0.95392299
  0.9526449 ]
 [0.99511309 1.         0.99518185 0.99484475 0.99467612 0.95462115
  0.95334551]
 [0.9945586  0.99518185 1.         0.99513058 0.99418213 0.95508154
  0.95259153]
 [0.99540225 0.99484475 0.99513058 1.         0.99517363 0.95427125
  0.95251388]
 [0.99538242 0.99467612 0.99418213 0.99517363 1.         0.95446136
  0.95258521]
 [0.95392299 0.95462115 0.95508154 0.95427125 0.95446136 1.
  0.9634931 ]
 [0.9526449  0.95334551 0.95259153 0.95251388 0.95258521 0.9634931
  1.        ]]
[[1.         0.99622516 0.99626658 0.99597699 0.99643217 0.95580648
  0.95603897]
 [0.99622516 1.         0.99580516 0.99549853 0.99626775 0.95565374
  0.95676604]
 [0.99626658 0.99580516 1.         0.99555999 0.99547278 0.95514853
  0.95548035]
 [0.99597699 0.99549853 0.99555999 1.         0.99587409 0.95575726
  0.95604482]
 [0.99643217 0.99626775 0.99547278 0.99587409 1.         0.9556703
  0.95590739]
 [0.95580648 0.95565374 0.95514853 0.95575726 0.9556703  1.
  0.96486351]
 [0.95603897 0.95676604 0.95548035 0.95604482 0.95590739 0.96486351
  1.        ]]
Accuracy score (soft) ; 0.9978333333333333
Accuracy score (hard) ; 0.9977857142857143
5-3
[[1.         0.99511309 0.9945586  0.99540225 0.99538242 0.95392299
  0.9526449  0.96099322]
 [0.99511309 1.         0.99518185 0.99484475 0.99467612 0.95462115
  0.95334551 0.96144849]
 [0.9945586  0.99518185 1.         0.99513058 0.99418213 0.95508154
  0.95259153 0.96176053]
 [0.99540225 0.99484475 0.99513058 1.         0.99517363 0.95427125
  0.95251388 0.96128564]
 [0.99538242 0.99467612 0.99418213 0.99517363 1.         0.95446136
  0.95258521 0.9611727 ]
 [0.95392299 0.95462115 0.95508154 0.95427125 0.95446136 1.
  0.9634931  0.96500627]
 [0.9526449  0.95334551 0.95259153 0.95251388 0.95258521 0.9634931
  1.         0.96208456]
 [0.96099322 0.96144849 0.96176053 0.96128564 0.9611727  0.96500627
  0.96208456 1.        ]]
[[1.         0.99622516 0.99626658 0.99597699 0.99643217 0.95580648
  0.95603897 0.96575956]
 [0.99622516 1.         0.99580516 0.99549853 0.99626775 0.95565374
  0.95676604 0.96592496]
 [0.99626658 0.99580516 1.         0.99555999 0.99547278 0.95514853
  0.95548035 0.96523399]
 [0.99597699 0.99549853 0.99555999 1.         0.99587409 0.95575726
  0.95604482 0.96584803]
 [0.99643217 0.99626775 0.99547278 0.99587409 1.         0.9556703
  0.95590739 0.96566523]
 [0.95580648 0.95565374 0.95514853 0.95575726 0.9556703  1.
  0.96486351 0.96552086]
 [0.95603897 0.95676604 0.95548035 0.95604482 0.95590739 0.96486351
  1.         0.96513171]
 [0.96575956 0.96592496 0.96523399 0.96584803 0.96566523 0.96552086
  0.96513171 1.        ]]
Accuracy score (soft) ; 0.9980476190476191
Accuracy score (hard) ; 0.9979047619047619
5-4
[[1.         0.99511309 0.9945586  0.99540225 0.99538242 0.95392299
  0.9526449  0.96099322 0.94406713]
 [0.99511309 1.         0.99518185 0.99484475 0.99467612 0.95462115
  0.95334551 0.96144849 0.94413221]
 [0.9945586  0.99518185 1.         0.99513058 0.99418213 0.95508154
  0.95259153 0.96176053 0.94469851]
 [0.99540225 0.99484475 0.99513058 1.         0.99517363 0.95427125
  0.95251388 0.96128564 0.94409569]
 [0.99538242 0.99467612 0.99418213 0.99517363 1.         0.95446136
  0.95258521 0.9611727  0.9441322 ]
 [0.95392299 0.95462115 0.95508154 0.95427125 0.95446136 1.
  0.9634931  0.96500627 0.95655396]
 [0.9526449  0.95334551 0.95259153 0.95251388 0.95258521 0.9634931
  1.         0.96208456 0.9607336 ]
 [0.96099322 0.96144849 0.96176053 0.96128564 0.9611727  0.96500627
  0.96208456 1.         0.95871105]
 [0.94406713 0.94413221 0.94469851 0.94409569 0.9441322  0.95655396
  0.9607336  0.95871105 1.        ]]
[[1.         0.99622516 0.99626658 0.99597699 0.99643217 0.95580648
  0.95603897 0.96575956 0.94832808]
 [0.99622516 1.         0.99580516 0.99549853 0.99626775 0.95565374
  0.95676604 0.96592496 0.94868635]
 [0.99626658 0.99580516 1.         0.99555999 0.99547278 0.95514853
  0.95548035 0.96523399 0.94746923]
 [0.99597699 0.99549853 0.99555999 1.         0.99587409 0.95575726
  0.95604482 0.96584803 0.9481344 ]
 [0.99643217 0.99626775 0.99547278 0.99587409 1.         0.9556703
  0.95590739 0.96566523 0.94814611]
 [0.95580648 0.95565374 0.95514853 0.95575726 0.9556703  1.
  0.96486351 0.96552086 0.95790924]
 [0.95603897 0.95676604 0.95548035 0.95604482 0.95590739 0.96486351
  1.         0.96513171 0.96298059]
 [0.96575956 0.96592496 0.96523399 0.96584803 0.96566523 0.96552086
  0.96513171 1.         0.96037125]
 [0.94832808 0.94868635 0.94746923 0.9481344  0.94814611 0.95790924
  0.96298059 0.96037125 1.        ]]
Accuracy score (soft) ; 0.9980238095238095
Accuracy score (hard) ; 0.9975952380952381
5-5
[[1.         0.99511309 0.9945586  0.99540225 0.99538242 0.95392299
  0.9526449  0.96099322 0.94406713 0.95079464]
 [0.99511309 1.         0.99518185 0.99484475 0.99467612 0.95462115
  0.95334551 0.96144849 0.94413221 0.9516891 ]
 [0.9945586  0.99518185 1.         0.99513058 0.99418213 0.95508154
  0.95259153 0.96176053 0.94469851 0.95210073]
 [0.99540225 0.99484475 0.99513058 1.         0.99517363 0.95427125
  0.95251388 0.96128564 0.94409569 0.95113105]
 [0.99538242 0.99467612 0.99418213 0.99517363 1.         0.95446136
  0.95258521 0.9611727  0.9441322  0.95103887]
 [0.95392299 0.95462115 0.95508154 0.95427125 0.95446136 1.
  0.9634931  0.96500627 0.95655396 0.96476328]
 [0.9526449  0.95334551 0.95259153 0.95251388 0.95258521 0.9634931
  1.         0.96208456 0.9607336  0.96112946]
 [0.96099322 0.96144849 0.96176053 0.96128564 0.9611727  0.96500627
  0.96208456 1.         0.95871105 0.96406923]
 [0.94406713 0.94413221 0.94469851 0.94409569 0.9441322  0.95655396
  0.9607336  0.95871105 1.         0.95687367]
 [0.95079464 0.9516891  0.95210073 0.95113105 0.95103887 0.96476328
  0.96112946 0.96406923 0.95687367 1.        ]]
[[1.         0.99622516 0.99626658 0.99597699 0.99643217 0.95580648
  0.95603897 0.96575956 0.94832808 0.95355445]
 [0.99622516 1.         0.99580516 0.99549853 0.99626775 0.95565374
  0.95676604 0.96592496 0.94868635 0.95373823]
 [0.99626658 0.99580516 1.         0.99555999 0.99547278 0.95514853
  0.95548035 0.96523399 0.94746923 0.95326397]
 [0.99597699 0.99549853 0.99555999 1.         0.99587409 0.95575726
  0.95604482 0.96584803 0.9481344  0.95364723]
 [0.99643217 0.99626775 0.99547278 0.99587409 1.         0.9556703
  0.95590739 0.96566523 0.94814611 0.95352202]
 [0.95580648 0.95565374 0.95514853 0.95575726 0.9556703  1.
  0.96486351 0.96552086 0.95790924 0.96330064]
 [0.95603897 0.95676604 0.95548035 0.95604482 0.95590739 0.96486351
  1.         0.96513171 0.96298059 0.96249375]
 [0.96575956 0.96592496 0.96523399 0.96584803 0.96566523 0.96552086
  0.96513171 1.         0.96037125 0.96411195]
 [0.94832808 0.94868635 0.94746923 0.9481344  0.94814611 0.95790924
  0.96298059 0.96037125 1.         0.95638185]
 [0.95355445 0.95373823 0.95326397 0.95364723 0.95352202 0.96330064
  0.96249375 0.96411195 0.95638185 1.        ]]
Accuracy score (soft) ; 0.9979285714285714
Accuracy score (hard) ; 0.9950238095238095
CPU times: user 21min 50s, sys: 2min 56s, total: 24min 47s
Wall time: 32min 52s
