0-0
0-1
1.0
1.0
Accuracy score (soft) ; 0.9624761904761905
Accuracy score (hard) ; 0.9624761904761905
0-2
[[1.         0.96492355]
 [0.96492355 1.        ]]
[[1.         0.96750288]
 [0.96750288 1.        ]]
Accuracy score (soft) ; 0.9668095238095238
Accuracy score (hard) ; 0.9637380952380953
0-3
[[1.         0.96492355 0.96733324]
 [0.96492355 1.         0.96270326]
 [0.96733324 0.96270326 1.        ]]
[[1.         0.96750288 0.96776716]
 [0.96750288 1.         0.96412505]
 [0.96776716 0.96412505 1.        ]]
Accuracy score (soft) ; 0.9682142857142857
Accuracy score (hard) ; 0.9668571428571429
0-4
[[1.         0.96492355 0.96733324 0.96252682]
 [0.96492355 1.         0.96270326 0.96161624]
 [0.96733324 0.96270326 1.         0.96194685]
 [0.96252682 0.96161624 0.96194685 1.        ]]
[[1.         0.96750288 0.96776716 0.96377369]
 [0.96750288 1.         0.96412505 0.96293996]
 [0.96776716 0.96412505 1.         0.96270125]
 [0.96377369 0.96293996 0.96270125 1.        ]]
Accuracy score (soft) ; 0.9654761904761905
Accuracy score (hard) ; 0.9633809523809523
0-5
[[1.         0.96492355 0.96733324 0.96252682 0.96767981]
 [0.96492355 1.         0.96270326 0.96161624 0.96303216]
 [0.96733324 0.96270326 1.         0.96194685 0.96474118]
 [0.96252682 0.96161624 0.96194685 1.         0.95915147]
 [0.96767981 0.96303216 0.96474118 0.95915147 1.        ]]
[[1.         0.96750288 0.96776716 0.96377369 0.96676758]
 [0.96750288 1.         0.96412505 0.96293996 0.96154963]
 [0.96776716 0.96412505 1.         0.96270125 0.96466852]
 [0.96377369 0.96293996 0.96270125 1.         0.96074191]
 [0.96676758 0.96154963 0.96466852 0.96074191 1.        ]]
Accuracy score (soft) ; 0.9646190476190476
Accuracy score (hard) ; 0.9626190476190476
1-0
1.0
1.0
Accuracy score (soft) ; 0.9983095238095238
Accuracy score (hard) ; 0.9983095238095238
1-1
[[1.         0.96248272]
 [0.96248272 1.        ]]
[[1.        0.9650226]
 [0.9650226 1.       ]]
Accuracy score (soft) ; 0.998547619047619
Accuracy score (hard) ; 0.9871428571428571
1-2
[[1.         0.96248272 0.95463448]
 [0.96248272 1.         0.96492355]
 [0.95463448 0.96492355 1.        ]]
[[1.         0.9650226  0.95796042]
 [0.9650226  1.         0.96750288]
 [0.95796042 0.96750288 1.        ]]
Accuracy score (soft) ; 0.9938809523809524
Accuracy score (hard) ; 0.979
1-3
[[1.         0.96248272 0.95463448 0.95853477]
 [0.96248272 1.         0.96492355 0.96733324]
 [0.95463448 0.96492355 1.         0.96270326]
 [0.95853477 0.96733324 0.96270326 1.        ]]
[[1.         0.9650226  0.95796042 0.96233024]
 [0.9650226  1.         0.96750288 0.96776716]
 [0.95796042 0.96750288 1.         0.96412505]
 [0.96233024 0.96776716 0.96412505 1.        ]]
Accuracy score (soft) ; 0.9888571428571429
Accuracy score (hard) ; 0.9761904761904762
1-4
[[1.         0.96248272 0.95463448 0.95853477 0.94755368]
 [0.96248272 1.         0.96492355 0.96733324 0.96252682]
 [0.95463448 0.96492355 1.         0.96270326 0.96161624]
 [0.95853477 0.96733324 0.96270326 1.         0.96194685]
 [0.94755368 0.96252682 0.96161624 0.96194685 1.        ]]
[[1.         0.9650226  0.95796042 0.96233024 0.95089507]
 [0.9650226  1.         0.96750288 0.96776716 0.96377369]
 [0.95796042 0.96750288 1.         0.96412505 0.96293996]
 [0.96233024 0.96776716 0.96412505 1.         0.96270125]
 [0.95089507 0.96377369 0.96293996 0.96270125 1.        ]]
Accuracy score (soft) ; 0.9842619047619048
Accuracy score (hard) ; 0.9716428571428571
1-5
[[1.         0.96248272 0.95463448 0.95853477 0.94755368 0.95782742]
 [0.96248272 1.         0.96492355 0.96733324 0.96252682 0.96767981]
 [0.95463448 0.96492355 1.         0.96270326 0.96161624 0.96303216]
 [0.95853477 0.96733324 0.96270326 1.         0.96194685 0.96474118]
 [0.94755368 0.96252682 0.96161624 0.96194685 1.         0.95915147]
 [0.95782742 0.96767981 0.96303216 0.96474118 0.95915147 1.        ]]
[[1.         0.9650226  0.95796042 0.96233024 0.95089507 0.95891149]
 [0.9650226  1.         0.96750288 0.96776716 0.96377369 0.96676758]
 [0.95796042 0.96750288 1.         0.96412505 0.96293996 0.96154963]
 [0.96233024 0.96776716 0.96412505 1.         0.96270125 0.96466852]
 [0.95089507 0.96377369 0.96293996 0.96270125 1.         0.96074191]
 [0.95891149 0.96676758 0.96154963 0.96466852 0.96074191 1.        ]]
Accuracy score (soft) ; 0.9806428571428571
Accuracy score (hard) ; 0.9696190476190476
2-0
[[1.         0.99544602]
 [0.99544602 1.        ]]
[[1.         0.99742196]
 [0.99742196 1.        ]]
Accuracy score (soft) ; 0.9987380952380952
Accuracy score (hard) ; 0.9981190476190476
2-1
[[1.         0.99544602 0.96248272]
 [0.99544602 1.         0.96279245]
 [0.96248272 0.96279245 1.        ]]
[[1.         0.99742196 0.9650226 ]
 [0.99742196 1.         0.96461762]
 [0.9650226  0.96461762 1.        ]]
Accuracy score (soft) ; 0.9987142857142857
Accuracy score (hard) ; 0.9985952380952381
2-2
[[1.         0.99544602 0.96248272 0.95463448]
 [0.99544602 1.         0.96279245 0.95512493]
 [0.96248272 0.96279245 1.         0.96492355]
 [0.95463448 0.95512493 0.96492355 1.        ]]
[[1.         0.99742196 0.9650226  0.95796042]
 [0.99742196 1.         0.96461762 0.95731872]
 [0.9650226  0.96461762 1.         0.96750288]
 [0.95796042 0.95731872 0.96750288 1.        ]]
Accuracy score (soft) ; 0.9986904761904762
Accuracy score (hard) ; 0.9937142857142857
2-3
[[1.         0.99544602 0.96248272 0.95463448 0.95853477]
 [0.99544602 1.         0.96279245 0.95512493 0.959615  ]
 [0.96248272 0.96279245 1.         0.96492355 0.96733324]
 [0.95463448 0.95512493 0.96492355 1.         0.96270326]
 [0.95853477 0.959615   0.96733324 0.96270326 1.        ]]
[[1.         0.99742196 0.9650226  0.95796042 0.96233024]
 [0.99742196 1.         0.96461762 0.95731872 0.96162569]
 [0.9650226  0.96461762 1.         0.96750288 0.96776716]
 [0.95796042 0.95731872 0.96750288 1.         0.96412505]
 [0.96233024 0.96162569 0.96776716 0.96412505 1.        ]]
Accuracy score (soft) ; 0.9970714285714286
Accuracy score (hard) ; 0.9852619047619048
2-4
[[1.         0.99544602 0.96248272 0.95463448 0.95853477 0.94755368]
 [0.99544602 1.         0.96279245 0.95512493 0.959615   0.94762166]
 [0.96248272 0.96279245 1.         0.96492355 0.96733324 0.96252682]
 [0.95463448 0.95512493 0.96492355 1.         0.96270326 0.96161624]
 [0.95853477 0.959615   0.96733324 0.96270326 1.         0.96194685]
 [0.94755368 0.94762166 0.96252682 0.96161624 0.96194685 1.        ]]
[[1.         0.99742196 0.9650226  0.95796042 0.96233024 0.95089507]
 [0.99742196 1.         0.96461762 0.95731872 0.96162569 0.95092843]
 [0.9650226  0.96461762 1.         0.96750288 0.96776716 0.96377369]
 [0.95796042 0.95731872 0.96750288 1.         0.96412505 0.96293996]
 [0.96233024 0.96162569 0.96776716 0.96412505 1.         0.96270125]
 [0.95089507 0.95092843 0.96377369 0.96293996 0.96270125 1.        ]]
Accuracy score (soft) ; 0.9943809523809524
Accuracy score (hard) ; 0.9796428571428571
2-5
[[1.         0.99544602 0.96248272 0.95463448 0.95853477 0.94755368
  0.95782742]
 [0.99544602 1.         0.96279245 0.95512493 0.959615   0.94762166
  0.95829175]
 [0.96248272 0.96279245 1.         0.96492355 0.96733324 0.96252682
  0.96767981]
 [0.95463448 0.95512493 0.96492355 1.         0.96270326 0.96161624
  0.96303216]
 [0.95853477 0.959615   0.96733324 0.96270326 1.         0.96194685
  0.96474118]
 [0.94755368 0.94762166 0.96252682 0.96161624 0.96194685 1.
  0.95915147]
 [0.95782742 0.95829175 0.96767981 0.96303216 0.96474118 0.95915147
  1.        ]]
[[1.         0.99742196 0.9650226  0.95796042 0.96233024 0.95089507
  0.95891149]
 [0.99742196 1.         0.96461762 0.95731872 0.96162569 0.95092843
  0.95860141]
 [0.9650226  0.96461762 1.         0.96750288 0.96776716 0.96377369
  0.96676758]
 [0.95796042 0.95731872 0.96750288 1.         0.96412505 0.96293996
  0.96154963]
 [0.96233024 0.96162569 0.96776716 0.96412505 1.         0.96270125
  0.96466852]
 [0.95089507 0.95092843 0.96377369 0.96293996 0.96270125 1.
  0.96074191]
 [0.95891149 0.95860141 0.96676758 0.96154963 0.96466852 0.96074191
  1.        ]]
Accuracy score (soft) ; 0.9913333333333333
Accuracy score (hard) ; 0.9762380952380952
3-0
[[1.         0.99544602 0.99579201]
 [0.99544602 1.         0.99522881]
 [0.99579201 0.99522881 1.        ]]
[[1.         0.99742196 0.9970014 ]
 [0.99742196 1.         0.99686969]
 [0.9970014  0.99686969 1.        ]]
Accuracy score (soft) ; 0.9987857142857143
Accuracy score (hard) ; 0.9987142857142857
3-1
[[1.         0.99544602 0.99579201 0.96248272]
 [0.99544602 1.         0.99522881 0.96279245]
 [0.99579201 0.99522881 1.         0.96256805]
 [0.96248272 0.96279245 0.96256805 1.        ]]
[[1.         0.99742196 0.9970014  0.9650226 ]
 [0.99742196 1.         0.99686969 0.96461762]
 [0.9970014  0.99686969 1.         0.96511019]
 [0.9650226  0.96461762 0.96511019 1.        ]]
Accuracy score (soft) ; 0.9988095238095238
Accuracy score (hard) ; 0.9985952380952381
3-2
[[1.         0.99544602 0.99579201 0.96248272 0.95463448]
 [0.99544602 1.         0.99522881 0.96279245 0.95512493]
 [0.99579201 0.99522881 1.         0.96256805 0.95418565]
 [0.96248272 0.96279245 0.96256805 1.         0.96492355]
 [0.95463448 0.95512493 0.95418565 0.96492355 1.        ]]
[[1.         0.99742196 0.9970014  0.9650226  0.95796042]
 [0.99742196 1.         0.99686969 0.96461762 0.95731872]
 [0.9970014  0.99686969 1.         0.96511019 0.9574603 ]
 [0.9650226  0.96461762 0.96511019 1.         0.96750288]
 [0.95796042 0.95731872 0.9574603  0.96750288 1.        ]]
Accuracy score (soft) ; 0.9986428571428572
Accuracy score (hard) ; 0.998547619047619
3-3
[[1.         0.99544602 0.99579201 0.96248272 0.95463448 0.95853477]
 [0.99544602 1.         0.99522881 0.96279245 0.95512493 0.959615  ]
 [0.99579201 0.99522881 1.         0.96256805 0.95418565 0.95877214]
 [0.96248272 0.96279245 0.96256805 1.         0.96492355 0.96733324]
 [0.95463448 0.95512493 0.95418565 0.96492355 1.         0.96270326]
 [0.95853477 0.959615   0.95877214 0.96733324 0.96270326 1.        ]]
[[1.         0.99742196 0.9970014  0.9650226  0.95796042 0.96233024]
 [0.99742196 1.         0.99686969 0.96461762 0.95731872 0.96162569]
 [0.9970014  0.99686969 1.         0.96511019 0.9574603  0.96160987]
 [0.9650226  0.96461762 0.96511019 1.         0.96750288 0.96776716]
 [0.95796042 0.95731872 0.9574603  0.96750288 1.         0.96412505]
 [0.96233024 0.96162569 0.96160987 0.96776716 0.96412505 1.        ]]
Accuracy score (soft) ; 0.9985952380952381
Accuracy score (hard) ; 0.9954285714285714
3-4
[[1.         0.99544602 0.99579201 0.96248272 0.95463448 0.95853477
  0.94755368]
 [0.99544602 1.         0.99522881 0.96279245 0.95512493 0.959615
  0.94762166]
 [0.99579201 0.99522881 1.         0.96256805 0.95418565 0.95877214
  0.94706601]
 [0.96248272 0.96279245 0.96256805 1.         0.96492355 0.96733324
  0.96252682]
 [0.95463448 0.95512493 0.95418565 0.96492355 1.         0.96270326
  0.96161624]
 [0.95853477 0.959615   0.95877214 0.96733324 0.96270326 1.
  0.96194685]
 [0.94755368 0.94762166 0.94706601 0.96252682 0.96161624 0.96194685
  1.        ]]
[[1.         0.99742196 0.9970014  0.9650226  0.95796042 0.96233024
  0.95089507]
 [0.99742196 1.         0.99686969 0.96461762 0.95731872 0.96162569
  0.95092843]
 [0.9970014  0.99686969 1.         0.96511019 0.9574603  0.96160987
  0.95086239]
 [0.9650226  0.96461762 0.96511019 1.         0.96750288 0.96776716
  0.96377369]
 [0.95796042 0.95731872 0.9574603  0.96750288 1.         0.96412505
  0.96293996]
 [0.96233024 0.96162569 0.96160987 0.96776716 0.96412505 1.
  0.96270125]
 [0.95089507 0.95092843 0.95086239 0.96377369 0.96293996 0.96270125
  1.        ]]
Accuracy score (soft) ; 0.9979523809523809
Accuracy score (hard) ; 0.9865952380952381
3-5
[[1.         0.99544602 0.99579201 0.96248272 0.95463448 0.95853477
  0.94755368 0.95782742]
 [0.99544602 1.         0.99522881 0.96279245 0.95512493 0.959615
  0.94762166 0.95829175]
 [0.99579201 0.99522881 1.         0.96256805 0.95418565 0.95877214
  0.94706601 0.95799502]
 [0.96248272 0.96279245 0.96256805 1.         0.96492355 0.96733324
  0.96252682 0.96767981]
 [0.95463448 0.95512493 0.95418565 0.96492355 1.         0.96270326
  0.96161624 0.96303216]
 [0.95853477 0.959615   0.95877214 0.96733324 0.96270326 1.
  0.96194685 0.96474118]
 [0.94755368 0.94762166 0.94706601 0.96252682 0.96161624 0.96194685
  1.         0.95915147]
 [0.95782742 0.95829175 0.95799502 0.96767981 0.96303216 0.96474118
  0.95915147 1.        ]]
[[1.         0.99742196 0.9970014  0.9650226  0.95796042 0.96233024
  0.95089507 0.95891149]
 [0.99742196 1.         0.99686969 0.96461762 0.95731872 0.96162569
  0.95092843 0.95860141]
 [0.9970014  0.99686969 1.         0.96511019 0.9574603  0.96160987
  0.95086239 0.9586802 ]
 [0.9650226  0.96461762 0.96511019 1.         0.96750288 0.96776716
  0.96377369 0.96676758]
 [0.95796042 0.95731872 0.9574603  0.96750288 1.         0.96412505
  0.96293996 0.96154963]
 [0.96233024 0.96162569 0.96160987 0.96776716 0.96412505 1.
  0.96270125 0.96466852]
 [0.95089507 0.95092843 0.95086239 0.96377369 0.96293996 0.96270125
  1.         0.96074191]
 [0.95891149 0.95860141 0.9586802  0.96676758 0.96154963 0.96466852
  0.96074191 1.        ]]
Accuracy score (soft) ; 0.995904761904762
Accuracy score (hard) ; 0.9824761904761905
4-0
[[1.         0.99544602 0.99579201 0.99654186]
 [0.99544602 1.         0.99522881 0.99547037]
 [0.99579201 0.99522881 1.         0.9953511 ]
 [0.99654186 0.99547037 0.9953511  1.        ]]
[[1.         0.99742196 0.9970014  0.99706203]
 [0.99742196 1.         0.99686969 0.99690735]
 [0.9970014  0.99686969 1.         0.99703754]
 [0.99706203 0.99690735 0.99703754 1.        ]]
Accuracy score (soft) ; 0.9989285714285714
Accuracy score (hard) ; 0.9988095238095238
4-1
[[1.         0.99544602 0.99579201 0.99654186 0.96248272]
 [0.99544602 1.         0.99522881 0.99547037 0.96279245]
 [0.99579201 0.99522881 1.         0.9953511  0.96256805]
 [0.99654186 0.99547037 0.9953511  1.         0.96307157]
 [0.96248272 0.96279245 0.96256805 0.96307157 1.        ]]
[[1.         0.99742196 0.9970014  0.99706203 0.9650226 ]
 [0.99742196 1.         0.99686969 0.99690735 0.96461762]
 [0.9970014  0.99686969 1.         0.99703754 0.96511019]
 [0.99706203 0.99690735 0.99703754 1.         0.96532955]
 [0.9650226  0.96461762 0.96511019 0.96532955 1.        ]]
Accuracy score (soft) ; 0.9987857142857143
Accuracy score (hard) ; 0.9988333333333334
4-2
[[1.         0.99544602 0.99579201 0.99654186 0.96248272 0.95463448]
 [0.99544602 1.         0.99522881 0.99547037 0.96279245 0.95512493]
 [0.99579201 0.99522881 1.         0.9953511  0.96256805 0.95418565]
 [0.99654186 0.99547037 0.9953511  1.         0.96307157 0.9553313 ]
 [0.96248272 0.96279245 0.96256805 0.96307157 1.         0.96492355]
 [0.95463448 0.95512493 0.95418565 0.9553313  0.96492355 1.        ]]
[[1.         0.99742196 0.9970014  0.99706203 0.9650226  0.95796042]
 [0.99742196 1.         0.99686969 0.99690735 0.96461762 0.95731872]
 [0.9970014  0.99686969 1.         0.99703754 0.96511019 0.9574603 ]
 [0.99706203 0.99690735 0.99703754 1.         0.96532955 0.95791131]
 [0.9650226  0.96461762 0.96511019 0.96532955 1.         0.96750288]
 [0.95796042 0.95731872 0.9574603  0.95791131 0.96750288 1.        ]]
Accuracy score (soft) ; 0.9986666666666667
Accuracy score (hard) ; 0.9986428571428572
4-3
[[1.         0.99544602 0.99579201 0.99654186 0.96248272 0.95463448
  0.95853477]
 [0.99544602 1.         0.99522881 0.99547037 0.96279245 0.95512493
  0.959615  ]
 [0.99579201 0.99522881 1.         0.9953511  0.96256805 0.95418565
  0.95877214]
 [0.99654186 0.99547037 0.9953511  1.         0.96307157 0.9553313
  0.95921057]
 [0.96248272 0.96279245 0.96256805 0.96307157 1.         0.96492355
  0.96733324]
 [0.95463448 0.95512493 0.95418565 0.9553313  0.96492355 1.
  0.96270326]
 [0.95853477 0.959615   0.95877214 0.95921057 0.96733324 0.96270326
  1.        ]]
[[1.         0.99742196 0.9970014  0.99706203 0.9650226  0.95796042
  0.96233024]
 [0.99742196 1.         0.99686969 0.99690735 0.96461762 0.95731872
  0.96162569]
 [0.9970014  0.99686969 1.         0.99703754 0.96511019 0.9574603
  0.96160987]
 [0.99706203 0.99690735 0.99703754 1.         0.96532955 0.95791131
  0.96228858]
 [0.9650226  0.96461762 0.96511019 0.96532955 1.         0.96750288
  0.96776716]
 [0.95796042 0.95731872 0.9574603  0.95791131 0.96750288 1.
  0.96412505]
 [0.96233024 0.96162569 0.96160987 0.96228858 0.96776716 0.96412505
  1.        ]]
Accuracy score (soft) ; 0.9985952380952381
Accuracy score (hard) ; 0.9984285714285714
4-4
[[1.         0.99544602 0.99579201 0.99654186 0.96248272 0.95463448
  0.95853477 0.94755368]
 [0.99544602 1.         0.99522881 0.99547037 0.96279245 0.95512493
  0.959615   0.94762166]
 [0.99579201 0.99522881 1.         0.9953511  0.96256805 0.95418565
  0.95877214 0.94706601]
 [0.99654186 0.99547037 0.9953511  1.         0.96307157 0.9553313
  0.95921057 0.94840493]
 [0.96248272 0.96279245 0.96256805 0.96307157 1.         0.96492355
  0.96733324 0.96252682]
 [0.95463448 0.95512493 0.95418565 0.9553313  0.96492355 1.
  0.96270326 0.96161624]
 [0.95853477 0.959615   0.95877214 0.95921057 0.96733324 0.96270326
  1.         0.96194685]
 [0.94755368 0.94762166 0.94706601 0.94840493 0.96252682 0.96161624
  0.96194685 1.        ]]
[[1.         0.99742196 0.9970014  0.99706203 0.9650226  0.95796042
  0.96233024 0.95089507]
 [0.99742196 1.         0.99686969 0.99690735 0.96461762 0.95731872
  0.96162569 0.95092843]
 [0.9970014  0.99686969 1.         0.99703754 0.96511019 0.9574603
  0.96160987 0.95086239]
 [0.99706203 0.99690735 0.99703754 1.         0.96532955 0.95791131
  0.96228858 0.951196  ]
 [0.9650226  0.96461762 0.96511019 0.96532955 1.         0.96750288
  0.96776716 0.96377369]
 [0.95796042 0.95731872 0.9574603  0.95791131 0.96750288 1.
  0.96412505 0.96293996]
 [0.96233024 0.96162569 0.96160987 0.96228858 0.96776716 0.96412505
  1.         0.96270125]
 [0.95089507 0.95092843 0.95086239 0.951196   0.96377369 0.96293996
  0.96270125 1.        ]]
Accuracy score (soft) ; 0.998547619047619
Accuracy score (hard) ; 0.9957857142857143
4-5
[[1.         0.99544602 0.99579201 0.99654186 0.96248272 0.95463448
  0.95853477 0.94755368 0.95782742]
 [0.99544602 1.         0.99522881 0.99547037 0.96279245 0.95512493
  0.959615   0.94762166 0.95829175]
 [0.99579201 0.99522881 1.         0.9953511  0.96256805 0.95418565
  0.95877214 0.94706601 0.95799502]
 [0.99654186 0.99547037 0.9953511  1.         0.96307157 0.9553313
  0.95921057 0.94840493 0.95884437]
 [0.96248272 0.96279245 0.96256805 0.96307157 1.         0.96492355
  0.96733324 0.96252682 0.96767981]
 [0.95463448 0.95512493 0.95418565 0.9553313  0.96492355 1.
  0.96270326 0.96161624 0.96303216]
 [0.95853477 0.959615   0.95877214 0.95921057 0.96733324 0.96270326
  1.         0.96194685 0.96474118]
 [0.94755368 0.94762166 0.94706601 0.94840493 0.96252682 0.96161624
  0.96194685 1.         0.95915147]
 [0.95782742 0.95829175 0.95799502 0.95884437 0.96767981 0.96303216
  0.96474118 0.95915147 1.        ]]
[[1.         0.99742196 0.9970014  0.99706203 0.9650226  0.95796042
  0.96233024 0.95089507 0.95891149]
 [0.99742196 1.         0.99686969 0.99690735 0.96461762 0.95731872
  0.96162569 0.95092843 0.95860141]
 [0.9970014  0.99686969 1.         0.99703754 0.96511019 0.9574603
  0.96160987 0.95086239 0.9586802 ]
 [0.99706203 0.99690735 0.99703754 1.         0.96532955 0.95791131
  0.96228858 0.951196   0.95945527]
 [0.9650226  0.96461762 0.96511019 0.96532955 1.         0.96750288
  0.96776716 0.96377369 0.96676758]
 [0.95796042 0.95731872 0.9574603  0.95791131 0.96750288 1.
  0.96412505 0.96293996 0.96154963]
 [0.96233024 0.96162569 0.96160987 0.96228858 0.96776716 0.96412505
  1.         0.96270125 0.96466852]
 [0.95089507 0.95092843 0.95086239 0.951196   0.96377369 0.96293996
  0.96270125 1.         0.96074191]
 [0.95891149 0.95860141 0.9586802  0.95945527 0.96676758 0.96154963
  0.96466852 0.96074191 1.        ]]
Accuracy score (soft) ; 0.9981904761904762
Accuracy score (hard) ; 0.9880714285714286
5-0
[[1.         0.99544602 0.99579201 0.99654186 0.99501623]
 [0.99544602 1.         0.99522881 0.99547037 0.99516585]
 [0.99579201 0.99522881 1.         0.9953511  0.99403477]
 [0.99654186 0.99547037 0.9953511  1.         0.99603951]
 [0.99501623 0.99516585 0.99403477 0.99603951 1.        ]]
[[1.         0.99742196 0.9970014  0.99706203 0.9975662 ]
 [0.99742196 1.         0.99686969 0.99690735 0.99746306]
 [0.9970014  0.99686969 1.         0.99703754 0.99698183]
 [0.99706203 0.99690735 0.99703754 1.         0.99720849]
 [0.9975662  0.99746306 0.99698183 0.99720849 1.        ]]
Accuracy score (soft) ; 0.999
Accuracy score (hard) ; 0.9989285714285714
5-1
[[1.         0.99544602 0.99579201 0.99654186 0.99501623 0.96248272]
 [0.99544602 1.         0.99522881 0.99547037 0.99516585 0.96279245]
 [0.99579201 0.99522881 1.         0.9953511  0.99403477 0.96256805]
 [0.99654186 0.99547037 0.9953511  1.         0.99603951 0.96307157]
 [0.99501623 0.99516585 0.99403477 0.99603951 1.         0.96289352]
 [0.96248272 0.96279245 0.96256805 0.96307157 0.96289352 1.        ]]
[[1.         0.99742196 0.9970014  0.99706203 0.9975662  0.9650226 ]
 [0.99742196 1.         0.99686969 0.99690735 0.99746306 0.96461762]
 [0.9970014  0.99686969 1.         0.99703754 0.99698183 0.96511019]
 [0.99706203 0.99690735 0.99703754 1.         0.99720849 0.96532955]
 [0.9975662  0.99746306 0.99698183 0.99720849 1.         0.96464756]
 [0.9650226  0.96461762 0.96511019 0.96532955 0.96464756 1.        ]]
Accuracy score (soft) ; 0.9989761904761905
Accuracy score (hard) ; 0.9989761904761905
5-2
[[1.         0.99544602 0.99579201 0.99654186 0.99501623 0.96248272
  0.95463448]
 [0.99544602 1.         0.99522881 0.99547037 0.99516585 0.96279245
  0.95512493]
 [0.99579201 0.99522881 1.         0.9953511  0.99403477 0.96256805
  0.95418565]
 [0.99654186 0.99547037 0.9953511  1.         0.99603951 0.96307157
  0.9553313 ]
 [0.99501623 0.99516585 0.99403477 0.99603951 1.         0.96289352
  0.95521107]
 [0.96248272 0.96279245 0.96256805 0.96307157 0.96289352 1.
  0.96492355]
 [0.95463448 0.95512493 0.95418565 0.9553313  0.95521107 0.96492355
  1.        ]]
[[1.         0.99742196 0.9970014  0.99706203 0.9975662  0.9650226
  0.95796042]
 [0.99742196 1.         0.99686969 0.99690735 0.99746306 0.96461762
  0.95731872]
 [0.9970014  0.99686969 1.         0.99703754 0.99698183 0.96511019
  0.9574603 ]
 [0.99706203 0.99690735 0.99703754 1.         0.99720849 0.96532955
  0.95791131]
 [0.9975662  0.99746306 0.99698183 0.99720849 1.         0.96464756
  0.95770178]
 [0.9650226  0.96461762 0.96511019 0.96532955 0.96464756 1.
  0.96750288]
 [0.95796042 0.95731872 0.9574603  0.95791131 0.95770178 0.96750288
  1.        ]]
Accuracy score (soft) ; 0.999
Accuracy score (hard) ; 0.9989523809523809
5-3
[[1.         0.99544602 0.99579201 0.99654186 0.99501623 0.96248272
  0.95463448 0.95853477]
 [0.99544602 1.         0.99522881 0.99547037 0.99516585 0.96279245
  0.95512493 0.959615  ]
 [0.99579201 0.99522881 1.         0.9953511  0.99403477 0.96256805
  0.95418565 0.95877214]
 [0.99654186 0.99547037 0.9953511  1.         0.99603951 0.96307157
  0.9553313  0.95921057]
 [0.99501623 0.99516585 0.99403477 0.99603951 1.         0.96289352
  0.95521107 0.95942266]
 [0.96248272 0.96279245 0.96256805 0.96307157 0.96289352 1.
  0.96492355 0.96733324]
 [0.95463448 0.95512493 0.95418565 0.9553313  0.95521107 0.96492355
  1.         0.96270326]
 [0.95853477 0.959615   0.95877214 0.95921057 0.95942266 0.96733324
  0.96270326 1.        ]]
[[1.         0.99742196 0.9970014  0.99706203 0.9975662  0.9650226
  0.95796042 0.96233024]
 [0.99742196 1.         0.99686969 0.99690735 0.99746306 0.96461762
  0.95731872 0.96162569]
 [0.9970014  0.99686969 1.         0.99703754 0.99698183 0.96511019
  0.9574603  0.96160987]
 [0.99706203 0.99690735 0.99703754 1.         0.99720849 0.96532955
  0.95791131 0.96228858]
 [0.9975662  0.99746306 0.99698183 0.99720849 1.         0.96464756
  0.95770178 0.96197374]
 [0.9650226  0.96461762 0.96511019 0.96532955 0.96464756 1.
  0.96750288 0.96776716]
 [0.95796042 0.95731872 0.9574603  0.95791131 0.95770178 0.96750288
  1.         0.96412505]
 [0.96233024 0.96162569 0.96160987 0.96228858 0.96197374 0.96776716
  0.96412505 1.        ]]
Accuracy score (soft) ; 0.9988571428571429
Accuracy score (hard) ; 0.9986904761904762
5-4
[[1.         0.99544602 0.99579201 0.99654186 0.99501623 0.96248272
  0.95463448 0.95853477 0.94755368]
 [0.99544602 1.         0.99522881 0.99547037 0.99516585 0.96279245
  0.95512493 0.959615   0.94762166]
 [0.99579201 0.99522881 1.         0.9953511  0.99403477 0.96256805
  0.95418565 0.95877214 0.94706601]
 [0.99654186 0.99547037 0.9953511  1.         0.99603951 0.96307157
  0.9553313  0.95921057 0.94840493]
 [0.99501623 0.99516585 0.99403477 0.99603951 1.         0.96289352
  0.95521107 0.95942266 0.94779804]
 [0.96248272 0.96279245 0.96256805 0.96307157 0.96289352 1.
  0.96492355 0.96733324 0.96252682]
 [0.95463448 0.95512493 0.95418565 0.9553313  0.95521107 0.96492355
  1.         0.96270326 0.96161624]
 [0.95853477 0.959615   0.95877214 0.95921057 0.95942266 0.96733324
  0.96270326 1.         0.96194685]
 [0.94755368 0.94762166 0.94706601 0.94840493 0.94779804 0.96252682
  0.96161624 0.96194685 1.        ]]
[[1.         0.99742196 0.9970014  0.99706203 0.9975662  0.9650226
    0.95796042 0.96233024 0.95089507]
   [0.99742196 1.         0.99686969 0.99690735 0.99746306 0.96461762
    0.95731872 0.96162569 0.95092843]
   [0.9970014  0.99686969 1.         0.99703754 0.99698183 0.96511019
    0.9574603  0.96160987 0.95086239]
   [0.99706203 0.99690735 0.99703754 1.         0.99720849 0.96532955
    0.95791131 0.96228858 0.951196  ]
   [0.9975662  0.99746306 0.99698183 0.99720849 1.         0.96464756
    0.95770178 0.96197374 0.95119287]
   [0.9650226  0.96461762 0.96511019 0.96532955 0.96464756 1.
    0.96750288 0.96776716 0.96377369]
   [0.95796042 0.95731872 0.9574603  0.95791131 0.95770178 0.96750288
    1.         0.96412505 0.96293996]
   [0.96233024 0.96162569 0.96160987 0.96228858 0.96197374 0.96776716
    0.96412505 1.         0.96270125]
   [0.95089507 0.95092843 0.95086239 0.951196   0.95119287 0.96377369
    0.96293996 0.96270125 1.        ]]
  Accuracy score (soft) ; 0.9987619047619047
  Accuracy score (hard) ; 0.9985
  5-5
  [[1.         0.99544602 0.99579201 0.99654186 0.99501623 0.96248272
    0.95463448 0.95853477 0.94755368 0.95782742]
   [0.99544602 1.         0.99522881 0.99547037 0.99516585 0.96279245
    0.95512493 0.959615   0.94762166 0.95829175]
   [0.99579201 0.99522881 1.         0.9953511  0.99403477 0.96256805
    0.95418565 0.95877214 0.94706601 0.95799502]
   [0.99654186 0.99547037 0.9953511  1.         0.99603951 0.96307157
    0.9553313  0.95921057 0.94840493 0.95884437]
   [0.99501623 0.99516585 0.99403477 0.99603951 1.         0.96289352
    0.95521107 0.95942266 0.94779804 0.95854774]
   [0.96248272 0.96279245 0.96256805 0.96307157 0.96289352 1.
    0.96492355 0.96733324 0.96252682 0.96767981]
   [0.95463448 0.95512493 0.95418565 0.9553313  0.95521107 0.96492355
    1.         0.96270326 0.96161624 0.96303216]
   [0.95853477 0.959615   0.95877214 0.95921057 0.95942266 0.96733324
    0.96270326 1.         0.96194685 0.96474118]
   [0.94755368 0.94762166 0.94706601 0.94840493 0.94779804 0.96252682
    0.96161624 0.96194685 1.         0.95915147]
   [0.95782742 0.95829175 0.95799502 0.95884437 0.95854774 0.96767981
    0.96303216 0.96474118 0.95915147 1.        ]]
  [[1.         0.99742196 0.9970014  0.99706203 0.9975662  0.9650226
    0.95796042 0.96233024 0.95089507 0.95891149]
   [0.99742196 1.         0.99686969 0.99690735 0.99746306 0.96461762
    0.95731872 0.96162569 0.95092843 0.95860141]
   [0.9970014  0.99686969 1.         0.99703754 0.99698183 0.96511019
    0.9574603  0.96160987 0.95086239 0.9586802 ]
   [0.99706203 0.99690735 0.99703754 1.         0.99720849 0.96532955
    0.95791131 0.96228858 0.951196   0.95945527]
   [0.9975662  0.99746306 0.99698183 0.99720849 1.         0.96464756
    0.95770178 0.96197374 0.95119287 0.95894858]
   [0.9650226  0.96461762 0.96511019 0.96532955 0.96464756 1.
    0.96750288 0.96776716 0.96377369 0.96676758]
   [0.95796042 0.95731872 0.9574603  0.95791131 0.95770178 0.96750288
    1.         0.96412505 0.96293996 0.96154963]
   [0.96233024 0.96162569 0.96160987 0.96228858 0.96197374 0.96776716
    0.96412505 1.         0.96270125 0.96466852]
   [0.95089507 0.95092843 0.95086239 0.951196   0.95119287 0.96377369
    0.96293996 0.96270125 1.         0.96074191]
   [0.95891149 0.95860141 0.9586802  0.95945527 0.95894858 0.96676758
    0.96154963 0.96466852 0.96074191 1.        ]]
  Accuracy score (soft) ; 0.9985952380952381
  Accuracy score (hard) ; 0.9959523809523809
