[[1.         0.99513677 0.99502341 0.99441862 0.99492511]
 [0.99513677 1.         0.99436336 0.99395016 0.99374591]
 [0.99502341 0.99436336 1.         0.99429766 0.99384262]
 [0.99441862 0.99395016 0.99429766 1.         0.99402723]
 [0.99492511 0.99374591 0.99384262 0.99402723 1.        ]]

[[1.         0.99633702 0.99595791 0.99590408 0.99585371]
 [0.99633702 1.         0.99641752 0.99664119 0.9968391 ]
 [0.99595791 0.99641752 1.         0.99612474 0.9960209 ]
 [0.99590408 0.99664119 0.99612474 1.         0.9963095 ]
 [0.99585371 0.9968391  0.9960209  0.9963095  1.        ]]

Accuracy score (soft) ; 0.9976904761904762
Accuracy score (hard) ; 0.9977619047619047