[[1.         0.99298563 0.99345575 0.99433525 0.99334186]
 [0.99298563 1.         0.99181029 0.99378391 0.99355926]
 [0.99345575 0.99181029 1.         0.99372852 0.99220618]
 [0.99433525 0.99378391 0.99372852 1.         0.99413343]
 [0.99334186 0.99355926 0.99220618 0.99413343 1.        ]]
[[1.         0.99584455 0.99685125 0.9965691  0.99708752]
 [0.99584455 1.         0.99527025 0.99554608 0.99580188]
 [0.99685125 0.99527025 1.         0.99569448 0.99653742]
 [0.9965691  0.99554608 0.99569448 1.         0.99678339]
 [0.99708752 0.99580188 0.99653742 0.99678339 1.        ]]
Accuracy score (soft) ; 0.9982857142857143
Accuracy score (hard) ; 0.9983333333333333
CPU times: user 50.5 s, sys: 6.42 s, total: 57 s
Wall time: 1min 31s